-5.089126466409757965e-01,1.825741858350550806e-01,-1.923371557351116756e-01,6.649813869296662262e-34,-8.164965809277260345e-01,2.129541257273650762e-18,-6.335879270160502119e-02
-5.089126466409753524e-01,1.825741858350552471e-01,-1.923371557351112315e-01,1.779953183848643536e-16,4.082482904638630172e-01,7.071067811865473507e-01,-6.335879270160575671e-02
-5.089126466409755745e-01,1.825741858350547753e-01,-1.923371557351118422e-01,-1.928808955402914523e-16,4.082482904638631283e-01,-7.071067811865472397e-01,-6.335879270160565957e-02
-3.670219774911748223e-01,-4.857225732735059864e-16,8.383226487749575462e-01,2.977115431085414804e-17,2.775557561562891351e-16,-3.053113317719180486e-16,4.031252963898526720e-01
-2.060420205353865608e-01,-5.477225575051659634e-01,2.763805890306902935e-01,-4.465673146628136996e-17,-4.163336342344337027e-16,-1.110223024625156540e-16,-7.623388064245084639e-01
-1.514353130527938129e-01,-5.477225575051659634e-01,-2.343588723829009846e-01,-7.071067811865474617e-01,2.012279232133096230e-16,6.106226635438360972e-16,3.494900068614513744e-01
-1.514353130527938129e-01,-5.477225575051659634e-01,-2.343588723829009846e-01,7.071067811865474617e-01,2.012279232133096230e-16,-5.551115123125782702e-17,3.494900068614513744e-01
