3.885832299659999767e-01,-3.530218154549268350e-01,-2.399131297809128927e-01,-0.000000000000000000e+00,-0.000000000000000000e+00,-8.164965809277259234e-01,-1.239736642029078302e-02
3.885832299660005873e-01,-3.530218154549255027e-01,-2.399131297809129482e-01,7.071067811865475727e-01,-6.436583998024922373e-17,4.082482904638631283e-01,-1.239736642029053149e-02
3.885832299659986999e-01,-3.530218154549281673e-01,-2.399131297809122820e-01,-7.071067811865474617e-01,5.800502272293752879e-17,4.082482904638632393e-01,-1.239736642029127915e-02
4.739469471011149571e-01,-6.130104953567763748e-02,8.455441956478960686e-01,1.526556658859590243e-16,1.766893682586578574e-17,-1.110223024625156540e-16,2.380577364118009465e-01
2.480341946250219365e-01,2.110209734360534162e-01,1.395509880376653022e-01,0.000000000000000000e+00,-2.049596671800433463e-17,-1.387778780781445676e-16,-9.351335245859431211e-01
3.611527030203588451e-01,5.375123828967326434e-01,-2.155291226494058243e-01,-1.637578961322105897e-15,7.071067811865474617e-01,9.714451465470119729e-17,1.849225800808055042e-01
3.611527030203588451e-01,5.375123828967326434e-01,-2.155291226494058243e-01,-1.637578961322105897e-15,-7.071067811865475727e-01,9.714451465470119729e-17,1.849225800808055042e-01
